[Configuration]
cascade = [0.1 0.2 0.3 0.4 0.5 0.6 0.7 0.8 0.9]
threshold = [0.01       0.04266667 0.07533333 0.108      0.14066667 0.17333333
	 0.206      0.23866667 0.27133333 0.304      0.33666667 0.36933333
	 0.402      0.43466667 0.46733333 0.5       ]
probabilities = [0.         0.02154435 0.1        0.21544347]
weights = [0.16666667 0.33333333 0.5       ]
nodes = 1000
neighbors = 16
memory = 2
network type = ws
persuasion = 0.01

